# oST version 5.0 parameters


[image]

width
964

height
724

[narrow_stereo]

camera matrix
482.168390 0.000000 456.417786
0.000000 482.103328 364.825378
0.000000 0.000000 1.000000

distortion
-0.196598 0.066153 0.003192 0.000042 0.000000

rectification
1.000000 0.000000 0.000000
0.000000 1.000000 0.000000
0.000000 0.000000 1.000000

projection
422.809326 0.000000 459.721615 0.000000
0.000000 430.134064 368.759951 0.000000
0.000000 0.000000 1.000000 0.000000

