# oST version 5.0 parameters


[image]

width
964

height
724

[narrow_stereo]

camera matrix
483.761692 0.000000 456.184555
0.000000 483.550078 365.883083
0.000000 0.000000 1.000000

distortion
-0.196606 0.064156 0.002826 -0.000069 0.000000

rectification
1.000000 0.000000 0.000000
0.000000 1.000000 0.000000
0.000000 0.000000 1.000000

projection
420.646484 0.000000 459.177477 0.000000
0.000000 431.080780 369.612387 0.000000
0.000000 0.000000 1.000000 0.000000

