image_width: 964
image_height: 724
camera_name: narrow_stereo
camera_matrix:
  rows: 3
  cols: 3
  data: [483.761692, 0.000000, 456.184555, 0.000000, 483.550078, 365.883083, 0.000000, 0.000000, 1.000000]
distortion_model: plumb_bob
distortion_coefficients:
  rows: 1
  cols: 5
  data: [-0.196606, 0.064156, 0.002826, -0.000069, 0.000000]
rectification_matrix:
  rows: 3
  cols: 3
  data: [1.000000, 0.000000, 0.000000, 0.000000, 1.000000, 0.000000, 0.000000, 0.000000, 1.000000]
projection_matrix:
  rows: 3
  cols: 4
  data: [420.646484, 0.000000, 459.177477, 0.000000, 0.000000, 431.080780, 369.612387, 0.000000, 0.000000, 0.000000, 1.000000, 0.000000]
